h 15
w 22
c 0 2 4
c 0 6 6
c 1 7 4
c 1 9 8
c 1 11 5
c 1 13 5
c 1 19 6
c 2 0 24
c 2 1 27
c 2 3 28
c 2 6 26
c 2 15 22
c 2 17 25
c 2 21 30
c 3 10 11
c 3 14 7
c 3 16 7
c 3 21 9
c 4 8 14
c 4 11 6
c 4 12 10
c 5 1 6
c 5 15 4
c 5 18 10
c 5 20 10
c 6 2 14
c 7 5 23
c 7 7 21
c 7 14 26
c 7 16 21
c 8 19 7
c 9 1 9
c 9 3 8
c 9 6 11
c 9 20 6
c 10 9 12
c 10 10 15
c 10 13 9
c 11 0 5
c 11 5 6
c 11 7 7
c 11 11 7
c 12 0 6
c 12 4 9
c 12 6 3
c 12 15 11
c 12 18 11
c 12 20 6
c 12 21 8
c 13 2 7
c 13 8 2
c 13 10 11
c 13 12 5
c 13 14 9
c 14 15 4
c 14 19 5
